10.00 0.50
20.00 0.50
50.00 0.50
100.00 0.50
250.00 0.50
500.00 0.50
1000.00 0.50
10.00 0.75
20.00 0.75
50.00 0.75
100.00 0.75
250.00 0.75
500.00 0.75
1000.00 0.75
10.00 1.00
20.00 1.00
50.00 1.00
100.00 1.00
250.00 1.00
500.00 1.00
1000.00 1.00
10.00 5.00
20.00 5.00
50.00 5.00
100.00 5.00
250.00 5.00
500.00 5.00
1000.00 5.00
10.00 10.00
20.00 10.00
50.00 10.00
100.00 10.00
250.00 10.00
500.00 10.00
1000.00 10.00
10.00 30.00
20.00 30.00
50.00 30.00
100.00 30.00
250.00 30.00
500.00 30.00
1000.00 30.00
